0001
1
01
00010
10
010
00011
011
11
000100
0100
100
0101
101
000101
000110
0110
110
0111
000111
111
01001
0001001
1001
01010
0001010
1010
01011
0001011
1011
0001100
01100
1100
01101
0001101
1101
01110
0001110
1110
0001111
01111
1111
10001
00010001
010001
010010
00010010
10010
10011
010011
00010011
00010100
010100
10100
010101
00010101
10101
010110
10110
00010110
010111
00010111
10111
011001
00011001
11001
011010
11010
00011010
011011
00011011
11011
11100
00011100
011100
00011101
11101
011101
011110
00011110
11110
011111
11111
00011111
000100001
0100001
100001
100010
000100010
0100010
000100011
100011
0100011
100100
000100100
0100100
100101
000100101
0100101
100110
000100110
0100110
000100111
100111
0100111
101001
000101001
0101001
101010
0101010
000101010
101011
0101011
000101011
0101100
101100
000101100
101101
0101101
000101101
000101110
0101110
101110
000101111
0101111
101111
0110001
110001
000110001
000110010
110010
0110010
000110011
0110011
110011
110100
0110100
000110100
110101
000110101
0110101
0110110
110110
000110110
0110111
110111
000110111
000111001
111001
0111001
111010
0111010
000111010
0111011
111011
000111011
0111100
000111100
111100
000111101
111101
0111101
0111110
000111110
111110
111111
000111111
0111111
0001000001
01000001
1000001
01000010
0001000010
1000010
1000011
01000011
0001000011
0001000100
1000100
01000100
0001000101
1000101
01000101
1000110
0001000110
01000110
1000111
01000111
0001000111
01001001
1001001
0001001001
01001010
1001010
0001001010
01001011
1001011
0001001011
1001100
01001100
0001001100
0001001101
1001101
01001101
0001001110
1001110
01001110
1001111
0001001111
01001111
0001010001
01010001
1010001
01010010
1010010
0001010010
01010011
1010011
0001010011
01010100
0001010100
1010100
01010101
0001010101
1010101
01010110
0001010110
1010110
01010111
1010111
0001010111
0001011001
01011001
1011001
1011010
01011010
0001011010
01011011
0001011011
1011011
01011100
1011100
0001011100
01011101
1011101
0001011101
1011110
01011110
0001011110
01011111
1011111
0001011111
01100001
1100001
0001100001
01100010
0001100010
1100010
1100011
01100011
0001100011
1100100
01100100
0001100100
0001100101
1100101
01100101
01100110
1100110
0001100110
1100111
01100111
0001100111
01101001
1101001
0001101001
0001101010
1101010
01101010
0001101011
1101011
01101011
01101100
0001101100
1101100
01101101
0001101101
1101101
0001101110
1101110
01101110
1101111
01101111
0001101111
1110001
0001110001
01110001
1110010
0001110010
01110010
1110011
0001110011
01110011
1110100
0001110100
01110100
1110101
0001110101
01110101
01110110
1110110
0001110110
01110111
0001110111
1110111
01111001
1111001
0001111001
1111010
0001111010
01111010
0001111011
1111011
01111011
01111100
1111100
0001111100
1111101
0001111101
01111101
01111110
1111110
0001111110
01111111
0001111111
1111111
010000001
10000001
00010000001
010000010
10000010
00010000010
010000011
00010000011
10000011
00010000100
10000100
010000100
00010000101
010000101
10000101
10000110
00010000110
010000110
10000111
00010000111
010000111
010001001
00010001001
10001001
10001010
00010001010
010001010
00010001011
10001011
010001011
10001100
00010001100
010001100
10001101
010001101
00010001101
10001110
010001110
00010001110
010001111
10001111
00010001111
10010001
010010001
00010010001
010010010
00010010010
10010010
010010011
00010010011
10010011
010010100
00010010100
10010100
10010101
010010101
00010010101
00010010110
010010110
10010110
10010111
00010010111
010010111
10011001
00010011001
010011001
10011010
00010011010
010011010
010011011
10011011
00010011011
010011100
10011100
00010011100
010011101
10011101
00010011101
10011110
00010011110
010011110
010011111
00010011111
10011111
010100001
10100001
00010100001
10100010
00010100010
010100010
010100011
10100011
00010100011
010100100
00010100100
10100100
010100101
10100101
00010100101
10100110
00010100110
010100110
010100111
10100111
00010100111
010101001
00010101001
10101001
010101010
00010101010
10101010
10101011
00010101011
010101011
10101100
00010101100
010101100
10101101
00010101101
010101101
10101110
00010101110
010101110
010101111
10101111
00010101111
00010110001
10110001
010110001
010110010
10110010
00010110010
010110011
00010110011
10110011
00010110100
010110100
10110100
010110101
00010110101
10110101
10110110
00010110110
010110110
00010110111
10110111
010110111
00010111001
10111001
010111001
010111010
10111010
00010111010
00010111011
10111011
010111011
010111100
00010111100
10111100
00010111101
010111101
10111101
00010111110
10111110
010111110
010111111
00010111111
10111111
011000001
00011000001
11000001
11000010
011000010
00011000010
11000011
011000011
00011000011
011000100
11000100
00011000100
11000101
00011000101
011000101
11000110
00011000110
011000110
11000111
00011000111
011000111
011001001
11001001
00011001001
011001010
00011001010
11001010
00011001011
011001011
11001011
00011001100
11001100
011001100
11001101
00011001101
011001101
11001110
00011001110
011001110
011001111
11001111
00011001111
11010001
00011010001
011010001
11010010
00011010010
011010010
011010011
11010011
00011010011
011010100
00011010100
11010100
11010101
011010101
00011010101
11010110
011010110
00011010110
011010111
11010111
00011010111
011011001
00011011001
11011001
011011010
00011011010
11011010
011011011
11011011
00011011011
00011011100
11011100
011011100
00011011101
11011101
011011101
00011011110
11011110
011011110
11011111
00011011111
011011111
011100001
11100001
00011100001
00011100010
011100010
11100010
00011100011
11100011
011100011
00011100100
11100100
011100100
00011100101
011100101
11100101
11100110
00011100110
011100110
00011100111
011100111
11100111
00011101001
011101001
11101001
011101010
00011101010
11101010
00011101011
011101011
11101011
11101100
00011101100
011101100
00011101101
011101101
11101101
11101110
00011101110
011101110
11101111
00011101111
011101111
00011110001
11110001
011110001
11110010
011110010
00011110010
11110011
011110011
00011110011
011110100
11110100
00011110100
011110101
11110101
00011110101
011110110
00011110110
11110110
011110111
00011110111
11110111
011111001
00011111001
11111001
011111010
00011111010
11111010
00011111011
11111011
011111011
00011111100
011111100
11111100
00011111101
011111101
11111101
00011111110
011111110
11111110
00011111111
011111111
11111111