0
00
000
0000
01
001
0001
010
0010
00010
0100
00100
000100
01000
001000
0001000
010000
0010000
00010000
0100000
00100000
000100000
01000000
001000000
0001000000
010000000
0010000000
00010000000
010000001
0010000001
00010000001
01000001
001000001
0001000001
010000010
0010000010
00010000010
0100001
00100001
000100001
01000010
001000010
0001000010
010000100
0010000100
00010000100
010001
0010001
00010001
0100010
00100010
000100010
01000100
001000100
0001000100
010001000
0010001000
00010001000
010001001
0010001001
00010001001
01001
001001
0001001
010010
0010010
00010010
0100100
00100100
000100100
01001000
001001000
0001001000
010010000
0010010000
00010010000
010010001
0010010001
00010010001
01001001
001001001
0001001001
010010010
0010010010
00010010010
1
10
100
1000
10000
100000
1000000
10000000
100000000
10000001
1000001
10000010
100001
1000010
10000100
10001
100010
1000100
10001000
10001001
1001
10010
100100
1001000
10010000
10010001
1001001
10010010