0
00
000
001000
0010000
00100000
001000000
0010000000
00100000000
0010001000
001001000
0010010000
0010011000
00101000
001010000
0010100000
0010101000
001011000
0010110000
0010111000
0011000
00110000
001100000
0011000000
0011001000
001101000
0011010000
0011011000
00111000
001110000
0011100000
0011101000
001111000
0011110000
0011111000
01000
010000
0100000
01000000
010000000
0100000000
010001000
01001000
010010000
010011000
0101000
01010000
010100000
010101000
01011000
010110000
010111000
011000
0110000
01100000
011000000
011001000
01101000
011010000
011011000
0111000
01110000
011100000
011101000
01111000
011110000
011111000
1000
10000
100000
1000000
10000000
100000000
10001000
1001000
10010000
10011000
101000
1010000
10100000
10101000
1011000
10110000
10111000
11000
110000
1100000
11000000
11001000
1101000
11010000
11011000
111000
1110000
11100000
11101000
1111000
11110000
11111000