00010000011
00010001110
00010011001
0001010
00010100011
00010101110
00010110000
0001011001
00010110110
00010111110
00011
000110000
00011000111
00011001001
000110011
0001100111
00011010000
0001101001
00011010011
000110101
0001101111
00011100011
00011100111
00011101
00011101000
000111011
0001110110
0001111010
000111110
0010000011
001000101
001000111
0010010011
0010011
0010011000
0010011001
001001101
001010000
0010100111
0010101
00101011
0010110100
0010110110
0010111011
00101111
0011000000
0011000010
0011000011
001100011
0011001001
0011001010
0011001011
0011001110
0011010
00110111
0011011110
00111
0011100001
0011100100
0011110000
0011110001
0011111
001111110
0011111100
001111111
010000101
01000011
01000101
01001100
010011101
0101001
010101001
010110
010110001
010111100
01100011
0110010
01100111
0110100
011010000
01101011
0110110
011011001
01101101
0111
011100
01110000
01110011
011100110
01110100
011101110
011110111
01111100
011111000
011111011
011111101
10000011
10000101
1000011
10000110
10000111
1000101
10001010
10001011
100011
1000110
10001100
10001101
1000111
10001110
10001111
10010011
100101
1001010
10010100
10010101
1001011
10010110
10010111
10011
100110
1001100
10011000
10011001
1001101
10011010
10011011
100111
1001110
10011100
10011101
1001111
10011110
10011111
101
1010
10100
101000
1010000
10100000
10100001
1010001
10100010
10100011
101001
1010010
10100100
10100101
1010011
10100110
10100111
10101
101010
1010100
10101000
10101001
1010101
10101010
10101011
101011
1010110
10101100
10101101
1010111
10101110
10101111
1011
10110
101100
1011000
10110000
10110001
1011001
10110010
10110011
101101
1011010
10110100
10110101
1011011
10110110
10110111
10111
101110
1011100
10111000
10111001
1011101
10111010
10111011
101111
1011110
10111100
10111101
1011111
10111110
10111111
11
110
1100
11000
110000
1100000
11000000
11000001
1100001
11000010
11000011
110001
1100010
11000100
11000101
1100011
11000110
11000111
11001
110010
1100100
11001000
11001001
1100101
11001010
11001011
110011
1100110
11001100
11001101
1100111
11001110
11001111
1101
11010
110100
1101000
11010000
11010001
1101001
11010010
11010011
110101
1101010
11010100
11010101
1101011
11010110
11010111
11011
110110
1101100
11011000
11011001
1101101
11011010
11011011
110111
1101110
11011100
11011101
1101111
11011110
11011111
111
1110
11100
111000
1110000
11100000
11100001
1110001
11100010
11100011
111001
1110010
11100100
11100101
1110011
11100110
11100111
11101
111010
1110100
11101000
11101001
1110101
11101010
11101011
111011
1110110
11101100
11101101
1110111
11101110
11101111
1111
11110
111100
1111000
11110000
11110001
1111001
11110010
11110011
111101
1111010
11110100
11110101
1111011
11110110
11110111
11111
111110
1111100
11111000
11111001
1111101
11111010
11111011
111111
1111110
11111100
11111101
1111111
11111110
11111111