0
00
000
0000
1
01
001
0001
10
010
0010
00010
11
0011
011
00011
100
0100
00100
000100
101
000101
00101
0101
000110
110
0110
00110
111
0111
00111
000111
01000
001000
0001000
1000
01001
1001
001001
0001001
1010
01010
001010
0001010
1011
01011
001011
0001011
0001100
001100
1100
01100
1101
01101
0001101
001101
0001110
001110
01110
1110
1111
0001111
001111
01111
00010000
0010000
010000
10000
00010001
0010001
010001
10001
00010010
010010
0010010
10010
010011
0010011
00010011
10011
010100
0010100
00010100
10100
010101
0010101
00010101
10101
010110
0010110
10110
00010110
010111
0010111
10111
00010111
11000
011000
0011000
00011000
11001
011001
0011001
00011001
0011010
00011010
11010
011010
011011
0011011
00011011
11011
011100
0011100
00011100
11100
00011101
11101
0011101
011101
00011110
0011110
011110
11110
00011111
0011111
011111
11111
100000
100001
100010
100011
100100
100101
100110
100111
101000
101001
101010
101011
101100
101101
101110
101111
110000
110001
110010
110011
110100
110101
110110
110111
111000
111001
111010
111011
111100
111101
111110
111111
1000000
1000001
1000010
1000011
1000100
1000101
1000110
1000111
1001000
1001001
1001010
1001011
1001100
1001101
1001110
1001111
1010000
1010001
1010010
1010011
1010100
1010101
1010110
1010111
1011000
1011001
1011010
1011011
1011100
1011101
1011110
1011111
1100000
1100001
1100010
1100011
1100100
1100101
1100110
1100111
1101000
1101001
1101010
1101011
1101100
1101101
1101110
1101111
1110000
1110001
1110010
1110011
1110100
1110101
1110110
1110111
1111000
1111001
1111010
1111011
1111100
1111101
1111110
1111111